CLa = 900000;
beta_LVDT = 0;%1.5E-5*10;%1.5E-5;
lambda_LVDT = 0*0.005*1.5;
sigma_0LVDT = 0*0.01*1.5*5;
LVDTsize0 = 1;
T0 = 0;